func=player_create
caller=UICreateCharacter.FinishBtn(GameObject)
note=CTF isolated repro template. Main load is decal: 40 valid decal entries with distinct pos values.

args:
  - avatar_id: 100001
  - beard: {}
  - consume:
  - decal: {{'aixin_decal',14,0.000,0,0,1,0,0,1,0,0,0,0,0,0,0,1,'idle',0,3,255,255,255,128,128,128,128,128,128},{'haruhi_decal',14,0.010,0,0,1,0,0,1,0,0,0,0,0,0,0,1,'idle',0,3,255,255,255,128,128,128,128,128,128},{'jiantoub_decal',14,0.020,0,0,1,0,0,1,0,0,0,0,0,0,0,1,'idle',0,3,255,255,255,128,128,128,128,128,128},{'sanjiao_decal',14,0.030,0,0,1,0,0,1,0,0,0,0,0,0,0,1,'idle',0,3,255,255,255,128,128,128,128,128,128},{'shan_decal',14,0.040,0,0,1,0,0,1,0,0,0,0,0,0,0,1,'idle',0,3,255,255,255,128,128,128,128,128,128},{'tuoyuan_decal',14,0.050,0,0,1,0,0,1,0,0,0,0,0,0,0,1,'idle',0,3,255,255,255,128,128,128,128,128,128},{'yuan_decal',14,0.060,0,0,1,0,0,1,0,0,0,0,0,0,0,1,'idle',0,3,255,255,255,128,128,128,128,128,128},{'yue_decal',14,0.070,0,0,1,0,0,1,0,0,0,0,0,0,0,1,'idle',0,3,255,255,255,128,128,128,128,128,128},{'aixin_decal',14,0.080,0,0,1,0,0,1,0,0,0,0,0,0,0,1,'idle',0,3,255,255,255,128,128,128,128,128,128},{'haruhi_decal',14,0.090,0,0,1,0,0,1,0,0,0,0,0,0,0,1,'idle',0,3,255,255,255,128,128,128,128,128,128},{'jiantoub_decal',14,0.100,0,0,1,0,0,1,0,0,0,0,0,0,0,1,'idle',0,3,255,255,255,128,128,128,128,128,128},{'sanjiao_decal',14,0.110,0,0,1,0,0,1,0,0,0,0,0,0,0,1,'idle',0,3,255,255,255,128,128,128,128,128,128},{'shan_decal',14,0.120,0,0,1,0,0,1,0,0,0,0,0,0,0,1,'idle',0,3,255,255,255,128,128,128,128,128,128},{'tuoyuan_decal',14,0.130,0,0,1,0,0,1,0,0,0,0,0,0,0,1,'idle',0,3,255,255,255,128,128,128,128,128,128},{'yuan_decal',14,0.140,0,0,1,0,0,1,0,0,0,0,0,0,0,1,'idle',0,3,255,255,255,128,128,128,128,128,128},{'yue_decal',14,0.150,0,0,1,0,0,1,0,0,0,0,0,0,0,1,'idle',0,3,255,255,255,128,128,128,128,128,128},{'aixin_decal',14,0.160,0,0,1,0,0,1,0,0,0,0,0,0,0,1,'idle',0,3,255,255,255,128,128,128,128,128,128},{'haruhi_decal',14,0.170,0,0,1,0,0,1,0,0,0,0,0,0,0,1,'idle',0,3,255,255,255,128,128,128,128,128,128},{'jiantoub_decal',14,0.180,0,0,1,0,0,1,0,0,0,0,0,0,0,1,'idle',0,3,255,255,255,128,128,128,128,128,128},{'sanjiao_decal',14,0.190,0,0,1,0,0,1,0,0,0,0,0,0,0,1,'idle',0,3,255,255,255,128,128,128,128,128,128},{'shan_decal',14,0.200,0,0,1,0,0,1,0,0,0,0,0,0,0,1,'idle',0,3,255,255,255,128,128,128,128,128,128},{'tuoyuan_decal',14,0.210,0,0,1,0,0,1,0,0,0,0,0,0,0,1,'idle',0,3,255,255,255,128,128,128,128,128,128},{'yuan_decal',14,0.220,0,0,1,0,0,1,0,0,0,0,0,0,0,1,'idle',0,3,255,255,255,128,128,128,128,128,128},{'yue_decal',14,0.230,0,0,1,0,0,1,0,0,0,0,0,0,0,1,'idle',0,3,255,255,255,128,128,128,128,128,128},{'aixin_decal',14,0.240,0,0,1,0,0,1,0,0,0,0,0,0,0,1,'idle',0,3,255,255,255,128,128,128,128,128,128},{'haruhi_decal',14,0.250,0,0,1,0,0,1,0,0,0,0,0,0,0,1,'idle',0,3,255,255,255,128,128,128,128,128,128},{'jiantoub_decal',14,0.260,0,0,1,0,0,1,0,0,0,0,0,0,0,1,'idle',0,3,255,255,255,128,128,128,128,128,128},{'sanjiao_decal',14,0.270,0,0,1,0,0,1,0,0,0,0,0,0,0,1,'idle',0,3,255,255,255,128,128,128,128,128,128},{'shan_decal',14,0.280,0,0,1,0,0,1,0,0,0,0,0,0,0,1,'idle',0,3,255,255,255,128,128,128,128,128,128},{'tuoyuan_decal',14,0.290,0,0,1,0,0,1,0,0,0,0,0,0,0,1,'idle',0,3,255,255,255,128,128,128,128,128,128},{'yuan_decal',14,0.300,0,0,1,0,0,1,0,0,0,0,0,0,0,1,'idle',0,3,255,255,255,128,128,128,128,128,128},{'yue_decal',14,0.310,0,0,1,0,0,1,0,0,0,0,0,0,0,1,'idle',0,3,255,255,255,128,128,128,128,128,128},{'aixin_decal',14,0.320,0,0,1,0,0,1,0,0,0,0,0,0,0,1,'idle',0,3,255,255,255,128,128,128,128,128,128},{'haruhi_decal',14,0.330,0,0,1,0,0,1,0,0,0,0,0,0,0,1,'idle',0,3,255,255,255,128,128,128,128,128,128},{'jiantoub_decal',14,0.340,0,0,1,0,0,1,0,0,0,0,0,0,0,1,'idle',0,3,255,255,255,128,128,128,128,128,128},{'sanjiao_decal',14,0.350,0,0,1,0,0,1,0,0,0,0,0,0,0,1,'idle',0,3,255,255,255,128,128,128,128,128,128},{'shan_decal',14,0.360,0,0,1,0,0,1,0,0,0,0,0,0,0,1,'idle',0,3,255,255,255,128,128,128,128,128,128},{'tuoyuan_decal',14,0.370,0,0,1,0,0,1,0,0,0,0,0,0,0,1,'idle',0,3,255,255,255,128,128,128,128,128,128},{'yuan_decal',14,0.380,0,0,1,0,0,1,0,0,0,0,0,0,0,1,'idle',0,3,255,255,255,128,128,128,128,128,128},{'yue_decal',14,0.390,0,0,1,0,0,1,0,0,0,0,0,0,0,1,'idle',0,3,255,255,255,128,128,128,128,128,128},}
  - ear: {'guardman_ear',5,0,0,-0.0291172,0.00646374,0.0477694,0.998413,0.213327,0.971285,0.0105533,0.511957,0.445423,-0.600371,0.423146,1,0,0,0,-0.213327,0.971285,0.0105532,0.605459,-0.338761,0.582758,0.423146,1,-0.927424,-0.364313,0.0195823,3,177,136,108,128,128,128,128,128,128}
  - eye: {'two_eye',2,0.150912,-0.163399,0,0.868126,0.868126,-0.150912,-0.163399,0,0.868126,0.868126,3,9,0,0,13,4,4,6,56,126}
  - glove: {{'guardman_glove',12,2,3,115,139,149,214,243,251,32,33,35},}
  - hair: {'guardmans_hair_lod0',7,-1,3,32,193,182,165,175,184,31,36,39}
  - helmet: {}
  - id: 1
  - immobile: {}
  - immobileDown: {{'guardmanss01_trinket_lod0',18,0,3,28,122,150,224,224,224,32,33,35},{'guardmanss02_trinket_lod0',18,1,3,28,122,150,224,224,224,32,33,35},}
  - immobileUp: {}
  - mouth: {'three_mouth',3,-0.00588197,-0.0458166,0,1.82849,0.914246,3,103,39,33,180,55,54,128,128,128}
  - movable: {}
  - name: Emanuel_DecalDoS
  - nose: {'jiu_nose',4,0.0126078,-0.379876,0,17.0023,17.0023,3,117,46,44,128,128,128,128,128,128}
  - outerwear: {{'guardman_outerwear',10,0,3,12,167,211,127,128,130,239,197,27},}
  - shoes: {{'guardman_shoes',13,3,3,32,33,35,12,167,211,250,250,250},}
  - skin: {'onecolor_skin',1,-1,3,206,165,135,128,128,128,128,128,128,}
  - trousers: {{'guardman_trousers',11,1,3,115,139,149,66,77,81,12,167,211},}
  - underwear: {}
